' ,400

Ἰ404 35316066
444 44444 444
444 44448444
44 44444844
405 44,4,44444
406 3 5322446
444, 44444444
44488 44444446
44448 35326270
410' Qffl
444 3.5328817
3412 44444444
4444 44444464
4444 44444644
44¹5 Q
14446 4444444

4444 44446444
4418 44444444
4¹9 44448444
420 3.5340261
421 44444444
4²2 35342800
444 44444464
444 44444448
444 4444664,,6
446 44444844
487 35349141
448 44444448
429 44444644
430 3,,,4338948
444 44444444
444 44444444
444 44446448

Ι444 35358003

,34⁶ ² 3·5393271

' 4464 5399538

4444 44448444 4464 44444448
4444 444 444464 4468 44444444
4446 44464444 4464. 35402043
4444 35361595 4444 44444444

4444 44444443 ..-
3444 44444644

4444 44444844

344⁶ 44444444 ,

4444 44444444

{342²} 4844ῑὲ7]
444444446444 ’ ·
3450 44448444.

4444 44444444

3452 44484448

.444,4 44484466

4484 44444444
4444 44484484 4488 44444464
4446 44484444 4484 44444444
4444 44486444 4444 4444844
44,4,8 44488444 4444 44444448
4444 44484446 4444 44444444
4464 44444464 4444 44444486
4464 44444446 4444 4444444
4444 44444444
4464 4,,,4444444 4,,446 4,,444444

3454 44484444

4464 44444444 4444 4444644
4464 44444444 4448 44448448
4466 44448486 4444 44444444
3500 .544068 ’

35⁰0

 

