 

7²55Gra·.

³ Q {QiQ 'M 677 8677
63747767 747766. 9617767777 ,73 9977993176 ,7678677
· 8235614 74747677 7776477· 04 77777667 ¹0 7667777
·ἱ· 737967 74737977177646743 9977876

ν· 3736376 747779. 73 77637797 99777336 76. „¹⁶²0540
ι 37346. 66 7477 38831776773 47 9 977646676. 7677836
v 87336 77 7476487617767 968 99777789767677733
v 87373. 64 744978 77776764781 QQQ
· 87797 77 744868. 68 776636. 76 99773846 76. 76697 727

842805914477 7·1·9877777647 7-777777476766767
v1 37764. 05 744687. 96 1777887 36 9 9777767 76. 766437

76 7673747

7 8677676 744768 7477777446 7777677476 7778777 ’
78 87774. 46 744478 3 777666. 63 99749479 77967776.

*mm—bna*

’87777 84 744768 66777786 87 7774866476· ·777777
7673778777 74473897 77.7777379 9974777976 7796876

48687187747767667746747 7777777776777847
787967.- 73174 43686 39 774767. 3ο 99736796 76, 777786
7’8774876174777778177448767 7777474 76 777477
7 87937 891 747963, 76 774477. 77 99734736 76. 777647
68797777717478748νο1·43.4468 997 3647767747 773 .

 

