3 8 o
b - RQ. Logarith Ν. 580 ar5't

. 8T01³·9494388 8T34 39336339 8T⁶5 393363
· 8963139393896 8933339336936 89⁶8 393369
, 8963139393363 893639333333 896939527
8963139393833 8939 39333938 8996 393399
89633 33969 893839333363 8993393383
8T0⁶8 39396839 8T39 39333889
· 969339399333 893639333393 8
8908 139497802 89413.9513861 8
8969139398396 8933 39333339 8
' 8936339398999 893339333833 8,-
933 39399363 8933 39333338
8933 39399933 8933 39333863
· 8933 39366339 8936 39336389 8
933 39366936 8939 39336993 8
825* 3·950¹2¹348 8938 39339366
8T49 39339933
8936 39338 336
8933 39338936
8933 39339363 8983 3933338
Μ833339339686 889639333663

. 8963 39333638 8993 39336933

, 32 39369389 8963 39333363 8998 39333363
ff 8933 3936399931 8966 39333987 19999· 39333933
934 39336339 896 939336 393 666 39333333

Α. 8⁰⁰8

 

.. 1

