21 Grad.

..1, ’,Ἢν-ἡ...-

979 595 397

8 5585518555585585

5585858555555577
558555855555577

, 555858 5855555 5575

&956599489 5575555
558858555555 5575

. 95 ⁶·3249 5983549

9566 950895987225
555758“·“··’5·55 95999
856758885555558

¹ ³7⁰0¹ ⁷03982853105⁶3973 ·

- 37028 78 39862. 24 107652. 21

· 9556835779, 6009589

5585855555Ῑ7
9 569488 3 9 6016625
8888885855 '

9·57⁰¹²⁰09·⁶023953
957043559·6027615 5

, Μ957075969603557ι 73

9Η878865858855555
957138029 ⁶038545 5

· 9571694696042235 7
· 9·5720087 96047885 ,8
6 6 9787534569 6049759

5 7737379 7340301. 15107 7815. 5⁰
5 58 37406714033495107828.15
⁵ 374556940368 59105840 80

555 26362[9 55775 j

55585555758858885 5·ἰ
55555858758888555 ¹

7 , 353 74606649405 6210 4797,77377796064096

 

