3 700

 

 

 

 

   
   

 

 

 

 

 

 

 

 

 

M Logarub N. (Logaritb M Logaritb
3701 37683191 373413-7711743 3767 37779979
3701 37684364 3737 3-77119067 7768 3-7761109
· 3703 37687737 37361377140691 3769, 37761161
3704 37686710 3737 37717131 3770 37763413
3707 37687881 3733 3-7716393 3771 37764767
37οἓ 37689074 3739 37717777 ² 37767717
³7⁰7 3.5⁶9022⁶ ³740 357213716 3 ³·57⁶⁶⁸⁶²³
3708 37691397 3741 3-7719877 ⁴- 3-776801
3709 37691768 3741 37731038 7 37769169
ΗΞ ,37693739 Q 37731198· Δ 3777031
3711 37694910 3744 3773337 3777 3777147
3711 37696080 3747 3773471 3778 3777161
3713 37697149 3746 37737678 3779 3-777376
3714 37698419 3747 37736837 3780 3-777491
·fl2 37699788 yffi 3-7737996 3781 3777606
37¹⁶ 3-5700757 ³74⁹ 375739154 “¹⁸² Ξιΐ777ιι
3717 37701916 3770 37740313 3 37778363
3718 37707094 3771 37741471 4 37779711
3719 37704161 3771 37741618 5 3·578⁰⁶5
3710 Q> Q Q ἑ 1778180
3711 37706797 3774, 3-7744943 7 37781977
3711 37707764 377773-7746099 ἶ8 3-778410
3713 37708930 3776137747176 9 3-7787
3714 37710097 3777 3-7748411 10 3778639
2⁷2 3-7711163 377873-7749768 2 3778773
3716 37711418 377997770713* Ἰ1 37788683
3717 37713794 3760 37771878 ¹3 3778981
3718 37714779 3761 37773033 ’4 37790973
3719 3-7717914 3761 37774188 ’7 3779111
73730 37717ο88 ³7⁶³ 37777341 “,,96 3177931614
3731 37718171 376413-7776496 3797 377944οᾒ
3731 37719416 376737777670 3798 3779777
3733 37710780 3766 37778803 3799 3>77966ε
“ 3734 47711743 ι3767 37779976 3800 37079783

 

38

 

