31182521..5185639910170851 ,0,7060704090686 0
70 08080 77087940800070400 0609940970697 49·
ῑ 33 0870977086040800070970 90606709 0700770 ’
¹4{83—37-9‘518-65343-84107'‘72564.2677335092078
’ 777 08766, 7408684. 38 0.00770 56 ᾗ 06400749 0704788
36 18395. 13 08704 49 ¹0¹73⁶· 09 9 06470709 0700780
18423. 73 18744. 60 101741. 63 9067777790 708760
38 18452. 70 0877 470 000747. 78 19 06607099 07777 77
¹ 39 0848090 0880487 00077074 9 0667070907-40-694
³ οο8οο*0*000*880*0000**0000800 0·δο000000000000
0 08778 0808867 07000767 89 8, 068064790776784
. 0 08766 6608897 00000769 48 80687 778907 67704 ·
1 1 008οΤ000*8000000**0000008 10**060000010*”*0000000
¹8⁶23 82 08000 4⁶ 101780 ⁶9 49 0000068010 0000000
45 18652.4018985.59101786.31 9 27073489 0784040
6 18680981901573 1017.919 9070799779 0790070 f
08709 76 09047. 87 000797. 78 9 07006779 0798009
48 08778. 07 19. 0707067190 870488
1 087667.0090060700080887 90777880197080076

0 70 087 97 07 09076 70 000804 77 9074048719, 0808787
0 08807. 8409066 48 000800. 00 9 07470879 2825423

08007 7 1—8533⁴.‘-905 1017 70,7 00 9 060677079 ,0679669

3-1——-

3 08880 9,8 09.006 80 101831. 77 ,0760047ἓ9 087907
4 18909. 74109076, 96 101837. 07 9 07668009 084787
5 001ῐ7ῑοῗῐ700970 '18‘1‘842‘38 {3773'3‘5‘69‘2535‘2‘0‘7'7
618966.76 09707 70000848 70 ,0177990090879466

0800οΜ00000000800080000 {218644592866245

μμ,- ——u-—un—-st-—u- --——-—-—-·-———---·-*‘·⁴

58 19023. 79709777, ,66 000860 07 07909709 087700
9 090707 Ι09407 8400086790 .

,60 190809019438. 07 00087 0 68

*mua—uum]

21994849 2819513·
9. ²8⁰5Q

 

