70778779

707784777

99077740 70 7780077

7 86896 37 777789. 9776 6.926 Ι99676876 76. 1379422
0 80877 25 777707 95¹⁶9⁶58.² 7707 7907 70 777070
986876. 77 77777 8.05169790. 9.9674980776 ,7774777
480798 9677777407 70970077 7907407970777747
7 80787 87 077070 477090770 9 907*7“’“ι7876, 7777769
7 2 807647 776966. 78 769987. 47 99677776 76, 7766797
7¹ 80747 54136883. 151 6.997996 996777977 o. 136350,
8080770787**707997970947744 9907077070 7700848 ,
9 8077707 77077070 70978704 9900944070 7778777
8 86696 03 136632. 67 769777. 77 99668977 76. 135554
8087885¹3⁶549311⁶9259 45 7700777770 Ἶ*77088
{⁶ 80661 66 770400 02 709787 2⁶ 77000077 70· 7770047
χ, 808444 770780 7970977077 99 00774 47,,,70774779
80627. 2⁶ 770*0*99 07 ῑ**07049 07 90004877 70 7744047

7 86676. 05 770070 53 708987. 08 990⁶ 638 92 76. 7747798 -

, 77677796776897976 7690096 76779796 ,
7 80575. 66 776090. ¹547168848. ,769 Pomm 7677777769
ο 80558. 37 779967. 64 768787 ,97 79067767 79, 7774796
9 80747 77 7,,7788487 [,,0877479 9,,9000777 70 7777708
78 80523. 89 7 79867 64 768648. 7 79099747, 76. 7 779667
7869666, 7797797 768987, 99 9909 777767776477-
6 86489 78* 777676. 70 568515. 67 99057389191323773'
5 80472 71 135554. 13 7*“”*68448. 97 9969649476 7777777
4 8045484135471.62 168382.'18 9 9055522 19· 7778487

2 80420 28 779796. 89 168249. 67 Γ9697696 79, 777779

7 89492 ρ 779774497768787. ,47 99697777 76, ,777999
803856 91351422 7687777ιὶ 9967787 76797
’**““““““’ 3 Β ,

9 804777777789 7870877780 97074789 Q

 

