78· Grad.

Secans. ¹

. 501585.17 99911927106915374
99798666 7490784 97 500869. 07 99911670690891510
289 7.69808 490056.2050015'5.o5 9991141'2106902455
9779 044893295649944311 99,9,,77777776896777

979697778867799798777. 77 99910896106889555
534:7796337487889.48498925.41 9991063710.:688315

20979340648430045W 99979778796877777
1997928 77787797. 77797877 77 99909047 79 687777·

10 687199
7976879767

1497898. 69489968 98799779. 67 9 9907766 681302210.

.9 . 4793695748968886 9990750210680670
997886 77778677 77789977 99 999072394—-80680038

,α--ι-κ--ι-η-...υ--ᾑ- -a-..o—-u

...77978877977797877788777 9997697779679778
97877 87777787 67787679 77 9.79976777776 8778
97868 8677679797786977 99 999767777767 8779
897869 88475906.·o 3486298 87 9 9906180 ιο 677997
· 4⁷52¹907489⁶2⁶579990591410676899
97877 97777777777 797677 99,977678 7,,7676767
797877 90473850 87787787 77 99977787 776 77677
497838. 898477 769. 54483621 14 9 9905115 ιο 675016
7 7,,8,778,7777797 77787976 77 99904848 776777 92

ΗΜ ....-.-...-.-. --.----

997896, 844471812. ..56482293 57 9 9904580 10. 673769
197820 804711 686481632 58 9NJ990431210673547

797877 76777767. 04480973 7175, 7,,999,,,,77777 10653545

 

