3 Grad.

² Sinus T'aqges Secans.

30 6*1**64,83 611636416618687Ι

613389 61*4**3,4681***66188.6

33, 676393 6774 661661964 ,

33 Ι679196 6203 86100192 36
633699 6333 66166194

36 637963 6391ῑ4716619773

,.·ι--ω--ηι-ῇ--ψφ-..μ

37 636868 6346677661997
4 38 63377163498816636141

Log. Sin Q

8.783**6*733 8. 7864861
8’-**18111198 78*8*1111
8 78978678 796613
8 7918378 8.793663

8 791819188 191711

· 8-7918811481987117

819189118198711
8 7*9**989748. 800 763
8 86189138 863763Ι
881111118164111
8. 86*3**83338, 866743
886781938 8687 717

88 886977738816683

6483. 36 6497 93 166316. 76
6311. 39 65'25' 13 166313. 66

8.**8117364 448813646
8381 66688 81438

⁸ , 67403167743710021477 .

49 66364***7 667121100222 28 . .

50 668344 ’67664376633433 , 99
5¹ 671446 6719 63166336 19 .

11Τ11111119111

’ 881111918811111γ

8 83366668833677

·, 8**·8111117 887111
. 88363969883 3317

, 6888. 59 6964 99 16633811

,ο--ρή . --—-—---

8 6977674 693433166346. 13
59 69176614 69614716634316

883813048. 8391633

88Τ9918188Τ1991 7
88417747 8. 843834 4

66 6977 65 46993,68166344 19 8 84338438 8446437

 

