MQ ε
570137559510 ,
776777767777 ·
⁷03 37561034
570 5-7561795

——

777 77767777
7 7776777
7³⁶ 3.7586091
737 77766676

573

5705 77767776 *Q &iffi-⁶95
7779177766767

17776777
77767677

76 77767776 ,
7767 77767677 ’.
76 77767677 76

5 740
5741

5⁶9 3.7611005
5770 77677776
777,ῐ Q&
5772 3.7613263
5773 3=7⁶1401⁶
5774 77677766

5 775 3·7⁶¹5520

’ 777777777767 ,777777776ρῇ ’ j

—.----— ...—

72¹ 3·7574719 , Ι7777 77777677
- 777 77777777 67777 77667777
‘5756 3.7601208
757 77667967
776 77677777

777 77776777
7777 77776776
676 ,67677777 »
7776 77776777 7777 77667777

777 77777777 ’ 7766 77677777
7776 77767676 57⁶1 77667777

777 77767766 7767 77667777
*7737778546 ffl3ff⁶0⁶48⁶

777 77767767, 7767 77667776
77677 77677777

7777 77767667
77667 77666776

7777 77767677

77 77767777

7767 7767777
7766 77677767,
7767 77676777
7776 7767676 ¹
Q 67677766
’ 5792} 3.7628286
5793 77677677 ¹
7777 7767776
57957 7767677
7726· 3.763128
5797 77677677
7776 776777677
7777 7767777ι
5800 3·7⁶3428⁰{

776777-7677766

ww

5800'

 

