993933333993399 -

——-.——-—--—-

. 1143095L 2 33373733 99983442 11 0580482
, 99636 93 33393889 3333969 3 99983333 11. 9969996
‚899614 38 1135397. 01139792.2 9.998322011.0551477
'1*99611821131630411360402 99983399 33 ,9937936

⁴ 699699 26 1127888. 5¹¹32312·9 99983997 33 9933663
5 9696, 69 1124171. 33338639 3 99983889 33. 9998333

’,6 9693 33 3339378. 9 3333933 6 99983773 049403311.

*mm- ,φφ-Μ·-

699693 ,93 33368989 3333377. 0 99983669 11. 9379789
39999893 333 33639 3337636 3 99983936 110465590
, ¹9959⁶ 71 1109541611140389 9998243311 0451456

——n--w—-m———w-——m-

·-099597 ⁶91¹05943 111104549 9982318110437328
·99591071102367.61106894.0 .998220411. 0423265

,399333 1098815 0 ¹¹⁰335.⁶. 0 ,9983989 33 0409246

¹ 99989. 8ο 1095285. 0 3999839 6 .9981374 3 3 9399373
·· 9583151091777510963476 99983 99339383333

399575151081387 2 3986993 3 9. 99815104441024444634:
, 99572 47 ¹0779⁶73 1082595 7 99813934110326056
4 ¹995⁶9 78 ¹0745⁶8 7 ¹07921¹7 999812754110312342
9,9967 98 1071191. 3 39798388 99981158411. ,9398679
6989996337 39678338 39739979 9 9983939 33. 93 89933
6989,963 69 1064499. 3 39693899 99989933 33. 9373393

'74995589210611841 10658854 9 9980802 11. 02579043v
499556191057889510626054 99989683 3339333393 .
35

-.-..-.--.. Ἢ- -v--st-ffl- -ψ,

99553451054615110593455 95998056 1102 0940 ,
34.99550 70 1051360 7 10580 9 9980443 33 9337937

—m——n-v-——ss—

3299545 1741944911 2 10496854¹

44995479 1048126. 3 1058 5·.'.749 799893 3234 11. 0204135 .

431499543404 1041715 8 1046504.4 6¹ '43 8889038888 88 2444434
4309953062410385397 ¹043343- 04 889979968811· 0¹⁶42314

84

Ι ,
8
8

 

